128,1085106416 100,1085156286 110,1085497470 173,1085515802 704,1085639088 752,1086051037 273,1086078772 166,1086295188 495,1086304511 597,1086306693 744,1087262077 520,1088383699 277,1088399115 
306,1084631430 138,1084723864 25,1084776055 158,1085554012 779,1086207164 
358,1085620392 706,1085638496 630,1085687191 763,1092688393 
47,1085258192 195,1085263059 570,1085278271 658,1085341426 617,1085420528 363,1085433600 539,1085707379 118,1085707574 732,1085769173 783,1086770679 843,1087293504 390,1088459533 798,1088467022 867,1091919479 53,1092312148 
290,1085451013 338,1085950527 440,1085985011 661,1087225829 
2,1085242285 612,1085277090 718,1087276081 872,1091502107 
287,1084946604 358,1084946637 105,1085284095 630,1085291512 30,1085348048 482,1085376411 103,1085509940 706,1085778913 764,1086030974 777,1086143508 299,1086150666 782,1086207278 73,1086906905 783,1086925593 408,1086927529 583,1087280249 276,1088264444 228,1091563037 763,1092322938 762,1094348926 
100,1085598464 275,1085598821 3,1085599189 125,1085599450 704,1085622419 14,1085638678 164,1085670412 727,1085680813 229,1086313696 
679,1085455407 571,1085456885 226,1085500575 611,1085517148 380,1085523397 482,1085530824 225,1085548524 565,1085600130 660,1085614587 536,1085625747 23,1085631956 567,1085632064 164,1085670948 67,1085704267 428,1085713912 401,1085810456 389,1086121370 608,1087449543 145,1088269740 38,1088559145 285,1088692919 762,1089675979 867,1090977000 514,1091115402 35,1096320288 
380,1085104786 384,1085685859 360,1085970851 
225,1085112673 327,1085425140 26,1086061839 619,1087112496 
87,1085763193 404,1086130928 756,1086273438 164,1088919570 102,1089665872 657,1093191079 
109,1084949893 277,1084972756 325,1085011555 125,1085153335 554,1085423790 660,1085616673 753,1086012766 466,1086190682 514,1086640799 704,1086751919 58,1087081485 606,1087104624 841,1087181308 602,1090804448 515,1091508530 
556,1085371354 207,1085636897 206,1085758549 97,1085963108 702,1086151606 612,1087922718 126,1088284143 272,1088995025 
351,1084642427 73,1084744565 395,1084744582 164,1084760860 389,1084826206 549,1084844709 283,1084915395 291,1084925305 298,1084989958 582,1085020902 362,1085078730 515,1085106709 684,1085458997 704,1086569921 
278,1084681331 99,1084681840 441,1084695673 74,1084698432 197,1084737904 145,1084750614 76,1084758901 90,1084763785 297,1084771161 264,1084800966 117,1084851832 118,1084853582 377,1084942141 570,1084945888 571,1084948381 378,1085018180 133,1085021997 379,1085027492 582,1085073985 534,1085090036 308,1085148256 517,1085292328 703,1085552400 124,1085819160 321,1085890552 753,1085943463 810,1086734601 821,1086738311 624,1087179095 
169,1084901236 368,1084901243 335,1084911764 291,1085093811 
100,1085593916 174,1085622115 704,1085631549 228,1091564282 119,1095055117 327,1095861078 
297,1085469737 660,1085527681 287,1085623633 26,1086279009 470,1087866272 810,1091222482 539,1091542566 100,1093234608 
67,1084983058 184,1084992303 275,1084993766 561,1085001082 273,1085036236 74,1085038931 601,1085064367 28,1085074532 282,1085093753 375,1085103498 610,1085105011 84,1085105686 593,1085108868 233,1085115257 620,1085151466 623,1085158583 2,1085199470 171,1085254561 73,1085284304 619,1085303036 231,1085318182 419,1085338846 202,1085343118 628,1085375579 568,1085377675 460,1085419631 678,1085445993 333,1085459453 44,1085459722 362,1085511517 109,1085518567 308,1085542229 718,1085627461 502,1085672773 727,1085683556 607,1085718495 146,1086029526 779,1086207457 803,1086368759 416,1086488675 549,1086731909 810,1086734308 836,1089624967 865,1089649900 27,1093208621 319,1094085187 
117,1084852329 338,1084935376 573,1085029775 28,1085074138 123,1085102895 623,1085157909 145,1085194246 511,1085519699 323,1085522908 702,1085540020 180,1085540413 441,1085546571 192,1085589252 621,1085630101 688,1086024250 437,1086467852 128,1089492220 358,1096830632 
54,1085461629 287,1085554522 358,1085554737 438,1085633813 463,1085641675 360,1085772090 384,1085962568 745,1085988654 401,1086027651 779,1086207713 194,1086214557 172,1086812270 
342,1085721709 129,1085722242 191,1086891214 
377,1084941369 100,1085467410 717,1085635760 290,1085675856 164,1086845399 228,1091563698 
363,1084940704 283,1085152016 227,1085187286 225,1085340240 624,1085518584 129,1085632949 637,1085636528 856,1088460387 722,1097273492 
173,1084849720 226,1084896053 73,1084909866 74,1084934721 290,1084941785 704,1085622227 26,1086278817 
173,1084848928 172,1084849026 208,1084849425 206,1084850109 133,1084852326 134,1084857667 498,1084870747 207,1084909934 171,1084912518 106,1084931091 389,1085198329 415,1085619181 452,1086135287 157,1086196574 632,1086355561 225,1086370889 
465,1086023535 752,1086050779 
201,1084582396 187,1084582448 233,1084582937 269,1084583351 281,1084585156 13,1084600060 351,1084618697 311,1084662753 197,1084728183 433,1084750004 536,1084829962 549,1084938539 559,1084943752 290,1084987005 362,1085092149 566,1085300804 392,1085345041 661,1085416482 230,1085447333 410,1085448345 173,1085510848 178,1085553072 465,1085674643 752,1085961399 336,1086316339 170,1086453970 
290,1085656167 133,1085671993 67,1085723937 370,1086747713 841,1087446857 
185,1085048374 325,1085072939 422,1085111371 282,1085149430 660,1085447746 370,1086748385 804,1086917497 841,1087534942 836,1089624867 333,1094100895 
28,1084930403 16,1084932032 125,1085153411 423,1085248483 454,1085249649 67,1085703044 543,1086243086 657,1086486549 738,1086764002 854,1088121448 191,1088189062 
554,1085428155 570,1085464101 276,1085775642 466,1086190472 688,1086193796 35,1086288051 
752,1086051106 405,1086239637 797,1086378434 
18,1085062100 569,1085069503 419,1085148748 618,1085555270 534,1086641671 
125,1085069714 206,1085100836 
631,1085714644 738,1086050121 
660,1085527256 501,1085528745 612,1085621365 437,1086579517 172,1086811821 
335,1084828236 291,1084830371 482,1084830807 93,1084832204 73,1084838083 105,1084908550 549,1084922362 251,1084935565 123,1085013056 44,1085031972 570,1085078853 106,1085104113 630,1085185208 74,1085235975 608,1085248727 620,1085256798 146,1085266025 298,1085327655 617,1085424783 628,1085441357 580,1085466300 701,1085540555 404,1085597773 192,1085671178 727,1085678809 607,1085717152 742,1085858213 277,1085897363 358,1085979245 466,1086189812 790,1086198477 583,1087360855 321,1087407143 332,1089004482 295,1090307531 228,1091563109 657,1091985326 224,1092008236 810,1092194032 36,1092355481 763,1093753118 319,1094085101 408,1094413186 191,1097588666 
432,1085286291 603,1085333570 404,1085335412 174,1085516768 110,1085589064 287,1085624913 421,1085708653 87,1085771963 82,1085952830 102,1086223398 221,1086323055 372,1086834114 123,1087114937 150,1087267436 854,1088403309 
94,1085515601 3,1085583393 596,1085632123 648,1085704710 11,1085757596 751,1085941433 373,1086149913 658,1086218510 145,1088089438 539,1089147224 867,1092509892 265,1094124145 
205,1084619017 67,1084647545 435,1084763936 534,1084772208 184,1084811388 521,1085022211 129,1085633037 61,1085720592 553,1086629715 715,1087092554 
67,1085704332 722,1085808613 464,1087168467 841,1087181524 404,1087428522 
125,1085380089 694,1085503649 94,1085516611 195,1085523298 311,1085671788 87,1085761198 651,1085964511 540,1086105467 650,1086200564 779,1086230410 4,1087540884 42,1089211375 810,1091546663 231,1091560788 355,1092111144 78,1092522286 569,1093299051 597,1097998488 
572,1085334378 197,1085360024 395,1085434872 
164,1085624639 752,1085929269 68,1091582544 
582,1085465715 233,1085633147 625,1085696698 543,1086242443 184,1087236769 
164,1085343444 168,1085343453 6,1085544795 217,1085629800 688,1085969954 764,1086038520 321,1088548579 42,1089211559 327,1089745959 67,1090803399 35,1093836427 810,1095293196 
660,1085526785 677,1085625280 688,1086013044 657,1086143154 422,1092809687 322,1095900210 
491,1085174657 472,1085244045 349,1085538857 431,1085544946 
767,1086052504 290,1086056758 99,1086494831 377,1086578913 567,1087429330 
18,1084817050 157,1084843382 186,1084949827 560,1084970052 501,1084984698 109,1085011279 54,1085018498 593,1085071458 435,1085072776 495,1085075341 128,1085106286 610,1085106597 556,1085449633 664,1085536175 766,1086094167 671,1086114364 677,1086130551 381,1086130648 49,1087310189 744,1088399749 392,1091558466 867,1092092470 718,1092162702 633,1094599387 
47,1085103644 422,1085111644 233,1085115496 311,1085142706 125,1085150523 648,1085279306 438,1085384536 225,1085415180 626,1085425217 100,1085467500 704,1085621826 27,1085679077 67,1085703795 129,1085712323 294,1085718387 124,1085786646 25,1085954204 447,1086157141 761,1086211106 347,1086644212 719,1087282821 473,1088223618 539,1090523613 375,1091898140 
38,1084728750 12,1084734428 422,1084797095 17,1084824123 338,1084935303 591,1085028540 74,1085040014 185,1085047863 569,1085069977 623,1085157640 325,1085158086 124,1085277731 90,1085363514 225,1085415233 674,1085444205 603,1085544132 274,1085544301 67,1085704394 703,1085720104 604,1085723060 651,1085966769 146,1086029383 764,1086037189 781,1086149339 658,1086218904 228,1091563100 
74,1084698034 12,1084714678 67,1084744622 187,1084766169 258,1084807173 282,1084810076 527,1084906811 27,1084916803 112,1084935171 377,1084942980 281,1084950813 569,1085017515 378,1085017655 591,1085060627 124,1085276849 122,1085299064 45,1085455445 274,1085539897 231,1085543976 264,1085749818 277,1085898593 60,1085959804 582,1086049391 650,1086200175 185,1087056814 704,1087060538 842,1087354795 
424,1085684113 314,1085684634 277,1085707888 183,1085730253 176,1086069096 658,1086218372 536,1086795234 
434,1084824177 184,1084824255 527,1084861439 543,1084981243 321,1084991300 515,1085015955 582,1085020426 441,1085082346 623,1085158530 221,1085547706 194,1086133886 447,1086156856 797,1086389472 677,1086447157 191,1086465112 164,1086569174 843,1087294455 625,1087319195 347,1087395034 851,1088648656 
285,1086119413 705,1086147684 679,1086207230 629,1086305098 803,1086305395 785,1086329678 608,1086625387 90,1086644785 185,1087191999 
327,1084807398 350,1084832398 346,1084849470 363,1084937878 569,1085070221 325,1085341380 381,1086135769 373,1086149771 632,1086542597 195,1086543730 
677,1085529935 660,1085530163 290,1085544334 164,1085786717 566,1085962235 172,1086812076 
566,1085027869 94,1085516710 
652,1085374139 287,1085554985 169,1085600245 87,1085626247 745,1085986555 752,1086052359 102,1086120452 221,1086240411 300,1086800494 664,1088080499 657,1093191319 100,1093228735 
529,1085027919 202,1085029348 625,1085170500 314,1085171347 651,1085279529 334,1085336318 47,1085342062 557,1085343803 135,1085347778 672,1085419965 658,1085436824 460,1085473831 52,1085495746 697,1085518437 129,1085633468 2,1085635787 17,1085644046 51,1085669169 354,1085681820 622,1085755528 730,1085790138 67,1085990550 340,1086037848 790,1086195449 777,1086208217 810,1086483963 123,1086917454 583,1087279999 228,1091563148 546,1092215884 53,1093301810 322,1095899470 867,1095904027 
651,1085346048 311,1085346693 597,1085348394 650,1085359563 630,1085528143 701,1085528423 612,1085621283 308,1085977463 67,1086037406 766,1086058974 401,1086070554 389,1086121475 600,1086149386 611,1086279191 803,1086295133 73,1086539707 334,1086761341 300,1086800934 56,1087087135 821,1087234628 705,1087362682 861,1089240482 58,1089253172 515,1091764180 
168,1086101404 761,1086131909 728,1086150241 405,1086239506 785,1086329637 437,1086467709 431,1086841914 413,1086976312 603,1087162430 850,1088490726 47,1091673517 141,1093336511 
224,1085096666 438,1085740311 593,1086567328 608,1086632061 762,1089675959 19,1089681267 758,1090631535 810,1092194195 869,1096238898 
660,1085529610 455,1085733494 25,1085756723 608,1087066897 228,1091563625 
510,1085262957 511,1085264313 
74,1085039119 591,1085060553 623,1085158857 67,1085255014 399,1085517870 704,1085622532 274,1085628387 60,1085960701 611,1085972607 17,1087363504 861,1088974659 277,1089155888 282,1096180747 
607,1085719817 164,1085793595 134,1086041608 332,1086043523 767,1086052626 99,1086117602 408,1086141619 608,1087002153 
536,1085116074 164,1085166942 538,1085206360 206,1085282723 290,1085416564 701,1085539654 702,1085551128 325,1085551336 134,1085723711 515,1085775540 148,1085983261 629,1086054870 632,1086543022 
677,1085515744 660,1085528645 52,1085709530 164,1085786770 100,1092844164 
32,1084669038 38,1084680094 75,1084680200 17,1084764813 18,1084804514 206,1084843904 350,1085362917 423,1085436665 694,1085503768 650,1085511010 651,1085511079 
534,1085090619 363,1085241299 47,1085249717 3,1085412707 235,1085443320 380,1085523571 650,1085531320 597,1085531776 611,1085540057 537,1086024186 61,1086031215 845,1087360856 810,1088371774 624,1089169439 
71,1084933007 327,1084938737 487,1085238875 146,1085245816 488,1085266775 764,1086030614 273,1087192554 45,1087248298 561,1087884581 629,1089043455 
67,1084654043 45,1084659854 1,1084806148 105,1084822220 44,1084823750 512,1084916449 164,1084918813 52,1084933514 560,1085059711 608,1085100640 416,1085167178 149,1085432441 103,1085510132 742,1085855475 137,1086145485 56,1086987388 836,1087975517 744,1088288627 602,1090804739 813,1091222433 868,1096241862 869,1096244404 
404,1085426659 132,1085446388 625,1085511749 381,1085542727 358,1085554816 47,1085596889 463,1085616883 401,1085795297 742,1085858670 622,1085859478 745,1085986241 164,1086045404 206,1086105569 389,1086121501 16,1086325549 408,1087051700 
377,1084942718 206,1084946622 290,1084984864 378,1085018020 
511,1084724927 18,1084725740 169,1084732838 47,1084738180 383,1084742076 275,1084756422 135,1084761027 311,1084764849 404,1084767012 356,1084767849 226,1084768729 16,1084798262 515,1084809213 207,1084819540 206,1084823078 201,1084834844 24,1084838146 489,1084841306 100,1084854681 97,1084863985 432,1084867788 172,1084885766 443,1084890417 529,1084912530 540,1084915578 134,1084917437 176,1084946373 415,1084948570 186,1084948928 109,1084949863 575,1084984546 287,1085029173 377,1085073225 510,1085075188 224,1085080775 31,1085100262 180,1085102500 82,1085115035 530,1085167394 358,1085381781 671,1085440931 398,1085468460 329,1085542067 409,1085577958 718,1085627954 233,1085632754 612,1085633123 231,1085715648 727,1085717081 628,1085777455 730,1085791117 742,1085859675 767,1086040504 102,1086120770 98,1086192308 441,1086200738 809,1086463755 75,1086470597 827,1086790345 220,1086822894 142,1088144387 247,1089683947 262,1090814428 763,1092336941 504,1093009959 568,1093823324 625,1093977732 851,1094883651 78,1095551578 259,1095880196 313,1096833954 
187,1084583655 269,1084583669 201,1084583737 233,1084583937 47,1084595286 368,1084901004 536,1084933212 82,1085148844 596,1085155321 127,1085551929 83,1085632580 56,1086986496 817,1087131909 
483,1085768559 482,1085795945 
368,1084671345 100,1084854585 67,1084863843 344,1084940124 575,1084984308 566,1085070733 487,1085229589 82,1085952394 810,1087072983 488,1087093512 95,1087156708 164,1087167220 491,1087175221 785,1087244124 137,1087390562 836,1087975284 332,1090012978 657,1091590544 872,1093391608 
71,1084740210 148,1087184133 
460,1085419448 563,1085422370 67,1085703342 462,1085703943 
515,1085610322 26,1086502902 355,1092110944 265,1093965087 719,1095555166 
201,1084588966 44,1084605032 264,1084634146 24,1084645665 169,1084674391 135,1084738745 537,1084774732 351,1084888599 334,1084890927 437,1084907895 47,1084913252 498,1084927943 269,1084986416 285,1085102334 377,1085281800 392,1085344916 626,1085366777 616,1085378486 554,1085422533 398,1085467651 529,1085592472 728,1085700491 349,1085775759 465,1086009055 767,1086052817 180,1086053066 311,1086146630 373,1086149383 797,1086376990 170,1086454186 809,1086485565 566,1086792616 172,1086810983 744,1086916617 278,1087168490 262,1087950335 847,1088559043 520,1091345240 228,1091562540 319,1094085046 850,1096048690 72,1098746402 
703,1085552165 702,1085555231 707,1085555700 295,1087095271 624,1087155020 847,1087408488 
283,1084778636 422,1084796857 23,1084825751 47,1084834475 571,1084946137 278,1085364059 440,1085366582 650,1085510823 94,1085513344 679,1085529666 2,1085537259 705,1085548968 724,1085950470 299,1086061354 817,1086624444 56,1086739616 749,1087358042 301,1092083069 
298,1084843242 100,1085467830 
323,1085116888 145,1085201427 47,1085239211 492,1085240414 628,1085241272 608,1085251588 463,1085252976 556,1085370588 592,1085376786 593,1085596728 342,1085721161 44,1085722398 767,1086040362 782,1086185211 777,1086226174 408,1086286000 802,1086319835 389,1086708959 819,1086756278 810,1086802930 123,1087102339 461,1088535436 259,1094095143 
109,1085030861 28,1085074093 90,1085329282 2,1085608057 466,1086581197 
306,1084631262 389,1084825916 461,1084826706 538,1084830053 478,1084835940 7,1084839989 195,1084849252 468,1084860642 363,1084861861 316,1084862773 186,1084950259 157,1084950352 582,1085020651 70,1085102667 313,1085124226 317,1085200539 399,1085439014 569,1085453433 521,1085600076 706,1085639955 703,1085640263 670,1085704808 688,1086013001 804,1086810926 68,1087015695 123,1087104990 841,1087228140 534,1088096982 571,1092813633 
617,1085420835 681,1085506515 799,1086363369 
540,1084915310 338,1084935669 441,1084944298 571,1084947751 281,1084950482 372,1084974248 187,1084982774 407,1085442778 631,1085502963 703,1085899623 724,1085950627 
290,1084986890 54,1085016474 206,1085034887 572,1085325981 719,1086053059 798,1090901159 284,1095611989 
28,1085141630 596,1085349530 
401,1085284008 389,1085369199 660,1085529969 380,1085539573 597,1085788220 539,1094922112 375,1095303710 282,1095345143 
98,1086041821 720,1086289193 
205,1084620653 145,1084631632 489,1084838721 100,1084854254 278,1084858891 501,1084930668 450,1085030926 185,1085048046 570,1085078112 4,1085224507 150,1085249007 231,1085318682 405,1085375684 110,1085497127 753,1085941996 724,1085950801 752,1085961764 688,1086026084 178,1086029737 718,1086060993 777,1086134158 796,1086234062 124,1086239786 281,1086576567 466,1086576922 854,1088122152 607,1088389445 515,1091508831 
506,1085110005 396,1085207562 52,1085245824 470,1085342182 399,1085439160 460,1085473737 103,1085549918 67,1085936442 625,1086057765 790,1086195593 810,1087072841 777,1087163740 583,1087279951 464,1088223980 724,1089765925 
18,1085016037 582,1085020734 380,1085081259 27,1085273553 349,1085514566 624,1086714650 297,1086733881 102,1089557765 327,1096502621 
327,1084745314 164,1084763194 28,1084804340 3,1084804439 404,1084822174 17,1084824253 343,1084847866 346,1084849754 19,1084929125 32,1085023293 569,1085070608 325,1085370198 619,1085467715 100,1085468044 704,1085638916 650,1085970830 694,1086099476 651,1086199466 229,1086207384 
100,1085759775 724,1085983845 373,1086149460 704,1086763801 229,1086892688 
401,1085724773 389,1086121168 
389,1084826273 100,1084854169 397,1084896108 290,1084986915 604,1085084616 661,1085443691 201,1085454180 196,1085855448 312,1085962617 270,1086189470 170,1086455092 313,1096215981 
277,1085720715 129,1085720826 172,1085720854 6,1085724595 207,1085753756 25,1085756692 58,1085764907 18,1085772861 173,1085843341 95,1085850795 23,1085857213 349,1085895301 382,1085948942 764,1086038075 298,1086069781 138,1086161433 360,1086822868 617,1087438762 132,1087516159 206,1092119513 53,1093289421 
18,1084841399 432,1084868108 28,1084880816 510,1084942265 508,1084946146 358,1084946590 455,1085123385 618,1085123894 264,1085172326 381,1085173514 626,1085189260 31,1085190426 67,1085379889 672,1085419837 572,1085428337 100,1085467046 368,1085550454 433,1085587559 174,1085621524 17,1086056248 11,1086140380 206,1086396624 593,1086567534 758,1086671230 810,1086734134 172,1086811623 785,1087323099 850,1088489510 854,1088529341 657,1090865016 872,1093920587 405,1094490971 
338,1084935599 28,1084991206 285,1085102504 631,1085503257 372,1085527030 217,1085630200 724,1085984386 281,1086160068 
375,1085102491 597,1085374675 718,1085627329 515,1085775230 594,1086226870 26,1086241406 369,1086844262 
534,1084860001 67,1084863441 166,1085417554 674,1085442534 678,1085444812 129,1085632843 421,1085707313 636,1086146575 164,1087051337 128,1097756272 
125,1085152944 145,1085194159 437,1085462135 515,1087224395 
537,1084815867 593,1085805433 223,1085874625 761,1086376897 206,1086396011 
671,1085968878 810,1086484208 704,1086763387 470,1087177448 
18,1085150737 225,1085340207 672,1085421586 2,1085535883 730,1085791789 767,1086040142 802,1086321239 347,1086831960 413,1086976477 762,1087317442 845,1087361106 392,1091558418 228,1091562055 539,1092669799 53,1092876566 
47,1084834649 28,1084881782 496,1085244779 539,1085360698 661,1085443727 217,1085630033 68,1085668462 719,1085723264 717,1085944618 724,1085983232 170,1086455150 278,1087835682 
123,1085104350 623,1085158044 593,1086928500 
630,1085709925 625,1085722362 600,1085758777 767,1086040542 730,1086144032 608,1086400993 332,1086552545 607,1086833783 362,1087520688 603,1088314030 742,1088647471 556,1091150797 
472,1084855094 278,1084855499 206,1084861732 306,1084887340 207,1084944515 135,1084948219 560,1084966339 569,1085018248 378,1085019482 323,1085115804 404,1085123101 100,1085154471 537,1085266741 644,1085277143 653,1085293813 377,1085459266 694,1085504211 650,1085510556 343,1085543769 349,1085544501 225,1085546116 601,1085603656 660,1085614413 709,1085616642 72,1085628248 651,1085697165 631,1085757744 232,1085770212 428,1085806564 166,1085861802 67,1085935181 264,1085943811 764,1086030508 180,1086039417 752,1086052588 373,1086149704 59,1086238964 802,1086318748 777,1086323481 724,1086395106 783,1086764351 679,1086815735 18,1086883702 787,1086883847 347,1086926730 608,1087105747 65,1087542202 561,1087884727 520,1087953792 62,1088123887 164,1088283446 810,1088602330 53,1091194890 319,1094085023 47,1094099828 
311,1085608141 538,1085631780 325,1086063365 809,1086720400 
306,1084887466 346,1084927609 274,1085540045 706,1085551880 2,1085609388 704,1085637450 703,1085899394 285,1086150068 370,1086748214 608,1086981747 683,1087003805 851,1088394431 47,1093657963 327,1096342998 
338,1084935203 117,1084940490 124,1084944456 122,1085004712 67,1085184364 90,1085356891 565,1085373503 332,1085423568 11,1085757657 415,1085994000 764,1086030737 95,1086116621 674,1087227707 
536,1084986213 290,1084986984 281,1084998156 569,1085012516 378,1085018434 278,1085031139 187,1085035096 392,1085345096 201,1085453975 173,1085510779 377,1085518958 362,1085881942 
343,1084843977 346,1084850021 339,1084851841 100,1084854655 6,1084913681 501,1084930716 133,1084942160 13,1084943780 169,1084946267 135,1084990817 74,1085104147 264,1085112163 431,1085252910 621,1085508075 697,1085518951 194,1085546085 381,1085553971 376,1085587743 660,1085614833 311,1085655359 232,1085770088 124,1085818767 319,1085893608 782,1086185374 593,1086470866 65,1086539765 298,1087165921 159,1087274589 272,1089836989 228,1091564204 
206,1084982583 569,1085069901 125,1085095503 2,1085535621 706,1085552161 
339,1085290487 650,1085511267 611,1085516600 704,1086763139 
323,1096044421 810,1096474283 
377,1084940976 378,1084942846 569,1084944200 206,1084946526 290,1085021923 67,1085702771 173,1094758686 597,1097998112 
267,1086579378 817,1086626561 
224,1085096570 125,1085153109 623,1085157501 608,1085252041 758,1088215694 798,1088467525 
383,1084930273 282,1084933245 42,1084935619 135,1084939716 225,1084970145 174,1085516390 336,1085551044 2,1085636103 
44,1084585470 47,1084595236 421,1084595974 138,1084597773 23,1084598546 422,1084602901 455,1084604344 146,1084606683 264,1084634296 87,1084638693 82,1084644690 67,1084647498 4,1084653448 148,1084659459 501,1084663523 25,1084669061 71,1084760695 330,1084764690 65,1084770452 26,1084772038 180,1084850060 84,1084853176 332,1084855010 290,1084942348 124,1084944737 158,1085023928 36,1085077199 354,1085077524 172,1085079590 575,1085090229 83,1085374499 316,1085618903 322,1086055243 29,1086057250 534,1086067069 524,1086570755 602,1088825173 
172,1086810926 32,1086835624 220,1086978968 17,1095998693 
671,1085527430 195,1085527481 2,1085610065 383,1085631995 785,1086210148 799,1086233408 54,1086302854 473,1086993794 562,1087267546 683,1087400777 798,1088468112 856,1088483179 128,1089491070 
118,1084853808 380,1085005049 164,1085109574 
164,1085670703 67,1085702562 52,1085709606 660,1086038085 404,1086130715 172,1086810803 677,1086981195 766,1087025591 641,1087164335 148,1087185834 810,1088602599 477,1089263352 100,1091151466 126,1091803873 
298,1084935762 400,1084937412 327,1084938338 351,1084971039 180,1085070018 194,1085120965 319,1085206793 363,1085241371 648,1085278761 621,1085508364 638,1085630695 751,1085901068 169,1085958688 783,1086156285 722,1087232099 371,1090188283 
626,1085357808 67,1085408460 563,1085422538 330,1085426861 565,1085447260 220,1085451653 410,1085452049 44,1085455408 554,1085509834 231,1085546159 611,1085972781 671,1085973303 724,1085983616 767,1086040730 180,1086057468 312,1086071916 268,1086307223 170,1086453350 619,1087162133 809,1087176997 850,1088709831 
182,1086056728 536,1086121688 744,1087262034 856,1088542173 392,1092014790 515,1092365367 
220,1084827432 483,1084846816 173,1084849265 501,1084930518 90,1084930577 298,1084942805 123,1085013370 354,1085023350 290,1085029582 74,1085040257 185,1085047925 206,1085153245 148,1085235558 264,1085359078 616,1085376465 2,1085534826 342,1085721090 604,1085722674 556,1090387215 228,1091563617 
596,1085208214 501,1085419873 422,1086123336 109,1088749290 657,1090790699 325,1090851198 282,1091679787 
606,1085167718 184,1085374851 661,1085443865 470,1087098026 
18,1084848907 75,1084849188 346,1084850177 208,1084923824 543,1084980982 206,1084995025 17,1085092513 575,1085101715 16,1085111993 703,1085635585 722,1096379459 
277,1085464836 570,1085464937 225,1085465372 434,1085465427 297,1085469114 4,1085692639 821,1086658107 783,1087047258 228,1091562551 100,1093234754 701,1094422316 
570,1084950148 277,1084950201 28,1085080937 623,1085158806 249,1085206368 608,1085250362 653,1085279332 306,1085329362 569,1085375284 450,1085808426 4,1085853565 196,1085855322 718,1086204372 200,1086209495 796,1086234294 688,1086311479 231,1086322311 821,1086739082 810,1086803236 845,1087361184 851,1088394728 594,1088651553 100,1091159335 78,1092522070 701,1094352453 
205,1084938072 570,1084951152 184,1084992277 185,1085047746 534,1085090243 195,1085111342 423,1085267198 634,1085423862 112,1085558608 709,1085618290 420,1085713632 232,1085770352 175,1085808076 737,1085844241 725,1085859902 374,1085890479 724,1085985027 381,1085985078 810,1086734042 629,1086789465 777,1087234928 833,1087452150 856,1088560292 813,1093493005 
570,1084950243 334,1085006698 278,1085375364 600,1085540264 67,1086074366 392,1089635795 
47,1084595453 277,1084686248 450,1084763707 225,1084855820 73,1084911334 499,1084945253 570,1084948681 2,1085114144 297,1085411841 534,1085610839 637,1085636317 374,1085715424 753,1085943192 604,1085943302 703,1086376673 242,1086715881 821,1086836185 235,1086842898 785,1087264765 124,1088383353 265,1093480461 706,1093627139 93,1095604599 317,1098189273 
267,1084728470 205,1084742324 100,1084853922 570,1085278370 610,1085362022 124,1085368676 450,1085384506 661,1085416415 499,1085682756 752,1085930799 797,1087073151 802,1087244128 67,1088225943 744,1088792675 128,1096044630 
283,1084859207 278,1085087234 465,1085099469 619,1085153904 323,1085208559 617,1085420796 569,1085453702 718,1085695062 705,1086156031 268,1086224551 319,1086465821 26,1086679348 653,1086743088 819,1086757177 392,1087340105 344,1087940623 272,1088995338 533,1089345000 504,1093010010 326,1097778723 
526,1085458869 589,1085498196 195,1085543960 2,1085612492 343,1085719691 346,1085753596 191,1085754544 562,1085977545 373,1086149840 466,1086190067 389,1086200288 800,1086238677 408,1086267769 785,1087265325 285,1087304337 798,1088532437 608,1089958140 763,1092324910 869,1096238823 327,1096296592 
603,1085333089 600,1085342881 404,1085461790 727,1085858023 724,1085984799 290,1086011850 67,1086074217 718,1086272298 725,1086385923 802,1087312428 164,1088956232 100,1091160986 
360,1084820528 346,1084927456 290,1084985029 626,1085423057 634,1085423161 378,1085636912 67,1085702680 29,1085803680 742,1085857382 
103,1085510244 137,1085690559 
570,1085891470 125,1086155755 543,1086243650 641,1086666392 
225,1085015588 579,1085016292 
58,1084929259 346,1084931578 362,1084985321 28,1085001151 99,1085108352 411,1085340551 651,1085353471 197,1085951285 164,1086582484 172,1086811114 817,1086873827 
362,1085368839 563,1085374629 67,1085410553 565,1085624748 722,1085808472 68,1085852293 312,1085879392 277,1085898368 242,1086026834 465,1086057953 800,1086239569 537,1086366947 787,1086416444 744,1087262170 6,1087337415 137,1087352619 
761,1086053650 748,1086064660 
42,1084935244 327,1084938879 99,1085011509 28,1085184690 6,1085544580 592,1086037130 284,1086131308 546,1087137711 228,1091563121 
18,1084672955 443,1084673128 321,1084681304 335,1084689568 148,1084728114 99,1084730745 233,1084824984 172,1084826636 291,1084827970 109,1084851500 173,1084854727 569,1085069833 354,1085199689 206,1085284041 730,1085785179 679,1086273601 629,1086305222 719,1086413558 332,1087144388 
67,1085723468 625,1085723600 546,1086733291 744,1087261897 327,1087434287 4,1090463492 753,1092947114 
132,1085447044 380,1085456261 384,1085685743 164,1085758389 764,1086030438 23,1086042725 762,1086051106 557,1086666418 657,1092460375 606,1093802732 
67,1085603188 316,1085618823 455,1085733298 29,1085773606 524,1086585620 138,1086823522 148,1088305457 25,1093981346 
7,1084937813 290,1085029786 67,1085410976 
409,1084980013 158,1085024297 375,1085087864 626,1085189801 90,1085328934 651,1085338953 597,1085345671 617,1085420637 678,1085446326 68,1086043897 461,1086048459 566,1086050522 26,1086059045 740,1086237751 128,1086560662 761,1086578485 821,1086730650 313,1086739035 428,1086793959 300,1086800591 819,1086812963 369,1086843912 582,1086918623 347,1086926219 725,1087089668 63,1087316861 718,1087324995 847,1087492825 447,1087538354 650,1087770798 850,1088970055 91,1089080581 608,1090387099 206,1092119281 326,1095882346 
3,1084848004 346,1084848642 343,1084850742 99,1084852723 47,1084885440 173,1084912952 172,1084943374 278,1084946086 184,1084982365 206,1084990551 117,1085101546 54,1085107578 100,1085154100 125,1085154183 275,1085172801 487,1085237338 617,1085425410 174,1085531435 433,1085550237 109,1085624423 727,1085683493 608,1085848662 232,1085898931 802,1086319487 725,1086321347 571,1086330167 787,1086416007 470,1086570841 688,1086571349 191,1086621175 810,1086734440 597,1087064919 619,1087111943 853,1088037452 854,1088443150 850,1088709718 556,1089693157 441,1091254458 53,1091452433 515,1091508952 744,1091596485 319,1094085238 869,1096238597 
73,1085283832 67,1085412867 38,1085455674 100,1085466213 125,1085526775 231,1085528441 47,1085555112 164,1085628886 290,1085656114 381,1085701376 196,1086023832 377,1086578902 753,1087958532 851,1088224041 810,1090416462 626,1090432981 
377,1084942914 378,1085018052 569,1085019402 297,1086676374 336,1089408284 392,1091630823 657,1093191840 
230,1084908596 437,1084908687 226,1084909686 176,1084929432 38,1084935014 534,1084973184 180,1084998820 67,1085074903 225,1085119161 564,1085122855 350,1085377260 264,1085407211 434,1085420785 201,1085516945 329,1085541476 664,1085542431 703,1085552887 420,1085623569 207,1085716996 349,1085775954 277,1085895049 753,1085944885 730,1086042114 740,1086230262 182,1086454115 783,1086770646 300,1086801101 344,1086851540 
164,1084649527 18,1084662080 340,1084662753 454,1084663238 493,1084670795 29,1084764925 314,1084775678 350,1084800408 3,1084804235 397,1084811431 306,1084813903 346,1084848389 423,1084852319 100,1084853113 84,1084853247 97,1084863728 389,1084886815 47,1084900188 19,1084928470 363,1084937624 377,1084941767 560,1084966618 374,1085078803 275,1085090819 225,1085112728 561,1085114548 601,1085182136 566,1085328421 380,1085540245 567,1085547516 174,1085547704 529,1085592965 664,1085626456 343,1085630215 287,1085631493 618,1085898421 264,1085944039 319,1085948077 175,1086097026 730,1086116743 110,1086275338 764,1086406301 229,1087099715 810,1087110538 17,1087363641 194,1087365525 683,1087411955 524,1088383650 556,1088436353 514,1091225288 228,1091563367 327,1093022978 53,1093120673 90,1093392303 206,1094482140 
27,1084992285 573,1085031594 332,1086974611 363,1089127536 813,1091222342 78,1092522533 
105,1085284121 290,1085362441 164,1085370400 569,1085372580 482,1085376730 3,1085416470 100,1085467967 287,1085557978 358,1085558049 217,1085632533 399,1085638037 17,1085643787 618,1085988833 650,1086050948 325,1086242292 304,1086288481 810,1087009534 18,1087393262 847,1087408865 36,1088372074 854,1088492454 704,1088563738 53,1090587461 651,1090617786 327,1091482163 514,1093802954 657,1093811148 872,1093920651 19,1094531927 
571,1085118316 441,1085191444 582,1085426500 104,1085660699 
538,1085880226 737,1085882348 
164,1085962421 720,1086289001 330,1086580047 465,1087180177 850,1088490079 
275,1085621751 583,1086917396 
132,1084977523 441,1085146444 433,1085178475 321,1085279554 304,1085408706 556,1085449160 284,1085451047 679,1085455241 579,1085458764 701,1085540440 336,1085550101 229,1085952863 170,1086454339 319,1086465971 719,1086944754 53,1087477509 546,1087920482 90,1096763482 
441,1085637121 321,1085806745 571,1085894854 277,1085895383 582,1086048112 26,1086241292 851,1087853522 53,1092874720 
164,1084931957 562,1084939012 168,1084943192 330,1084976528 413,1085024788 
17,1085619527 217,1085629554 207,1085635852 717,1085643525 18,1085664085 688,1085668330 172,1085698588 703,1085899258 32,1086212557 208,1086299780 632,1086541968 657,1091551823 
571,1084945488 441,1084945770 186,1084950049 569,1085017344 683,1085459237 629,1086054226 176,1086190933 851,1088394539 282,1090189093 60,1091590103 422,1092433286 
169,1085351146 42,1085369325 368,1085374202 100,1085468277 174,1085516614 168,1086100615 413,1087078986 
407,1084851908 37,1084915491 569,1085018412 134,1086040804 325,1086114178 
187,1084586507 201,1084586570 356,1084586795 269,1084587486 230,1084593960 419,1084598936 517,1084600325 169,1084600754 290,1084600943 124,1084609275 140,1084630315 264,1084633846 335,1084633904 403,1084639960 176,1084640745 202,1084647466 181,1084653248 180,1084664488 313,1084689367 197,1084718354 135,1084720383 498,1084748181 533,1084755710 226,1084768440 233,1084776951 527,1084815212 389,1084825225 489,1084841259 346,1084848963 343,1084849531 173,1084849594 13,1084854591 95,1084857201 351,1084888350 540,1084888400 334,1084890824 281,1084911000 311,1084928796 377,1084942390 568,1084942622 378,1084944870 441,1084946219 566,1084946395 44,1084947417 227,1084950383 575,1084984690 536,1084985675 247,1085073739 582,1085075421 273,1085079941 608,1085101256 506,1085109980 82,1085170951 626,1085174121 31,1085188715 644,1085276352 648,1085282358 619,1085303086 231,1085318267 350,1085379206 661,1085416659 617,1085421030 392,1085455048 570,1085463905 428,1085466139 634,1085520364 628,1085524654 195,1085526217 174,1085531317 329,1085541650 633,1085558499 371,1085578838 98,1085582541 73,1085587789 529,1085593030 709,1085618422 718,1085627497 728,1085690075 300,1085692599 207,1085756318 312,1085771797 397,1085798754 175,1085805966 598,1085816109 704,1085874777 319,1085893465 751,1085941281 196,1086012229 268,1086029306 767,1086040280 730,1086042850 220,1086098894 616,1086148890 787,1086157302 636,1086197273 331,1086197660 740,1086230303 796,1086234095 26,1086408868 142,1086425215 170,1086454971 810,1086734340 821,1086739129 413,1087082853 262,1087087954 851,1087850281 159,1087879744 854,1088186868 228,1091562014 850,1092198602 504,1093009645 
304,1085861627 180,1086029336 465,1086176884 170,1086454993 819,1087232806 228,1091563735 
450,1085364800 242,1085403820 634,1085423219 277,1085459814 231,1085520726 249,1085553723 499,1085682622 297,1085892201 629,1086303684 803,1086387522 
571,1084946652 441,1085020286 67,1085037626 478,1085123795 620,1085150366 625,1085170246 582,1085172949 140,1085183361 58,1085200083 321,1085276063 593,1085366973 346,1085589333 349,1085611062 276,1085674716 422,1085677719 468,1085721304 730,1085790776 465,1086009376 319,1086465948 63,1087159020 53,1091534150 
200,1084912278 172,1084912777 207,1084945668 206,1084945863 208,1084953892 230,1084968705 389,1085281000 567,1085636441 570,1085674646 7,1087712241 164,1088121868 
129,1085673825 264,1085686187 27,1085713119 67,1085715055 274,1085719764 704,1085721683 342,1085721806 100,1085759938 565,1085779315 125,1085788161 298,1086052544 268,1086224472 124,1086409404 164,1086568761 810,1086734260 47,1087106071 683,1087412059 537,1087946169 90,1087951198 520,1087953962 145,1088695984 332,1090013027 390,1090037810 228,1091563610 867,1091638162 78,1092520974 327,1096296635 
233,1084825428 184,1084828268 543,1084981388 454,1084993732 582,1085020381 623,1085158989 625,1085169759 429,1085191549 636,1085198003 423,1085248136 441,1085427122 221,1085546565 604,1085548755 751,1085941628 843,1087295097 
343,1084850034 3,1084850238 346,1084850594 785,1087243945 
193,1085589540 192,1085589631 146,1085632277 145,1085680694 
67,1085934652 60,1086039899 464,1086547162 
174,1085628320 782,1086199381 128,1086832455 347,1086927272 
343,1084910827 184,1084929806 383,1085017559 172,1085079757 785,1087243839 98,1088560608 4,1089789720 228,1091561825 
381,1085861670 477,1086046960 473,1086581603 744,1087261924 
582,1085190223 441,1085191247 354,1085200381 603,1085297653 401,1085795153 164,1085799707 804,1086298848 185,1087058945 841,1088797170 
377,1084986514 378,1085018141 35,1085020968 580,1085031839 437,1086468367 
377,1084942174 235,1085017448 67,1085037677 74,1085038207 185,1085048255 295,1085104732 603,1085301392 274,1085545241 707,1085554530 638,1085622448 156,1085639209 164,1086045457 452,1086134026 
631,1085714186 565,1085770407 
565,1085779248 331,1086197211 452,1086200021 810,1086483538 803,1086544313 349,1087046110 766,1087046625 845,1087359740 753,1088950961 126,1092157195 637,1096088450 
276,1085603939 58,1085614031 67,1085624306 566,1085874218 52,1086145337 56,1086737112 819,1086756956 470,1087177280 
455,1085119883 25,1085185816 330,1085426646 554,1085427800 572,1085519707 465,1086023716 
196,1085879507 99,1085950088 570,1086183206 44,1086580487 
290,1086056948 44,1086057117 26,1086057166 146,1086057251 565,1086059734 381,1086062397 67,1086069199 374,1086203402 3,1086206094 124,1086846462 164,1087076037 346,1087242127 
145,1084590594 106,1084593618 122,1084604440 146,1084606725 511,1084624806 482,1084626950 454,1084627287 335,1084633720 264,1084634359 408,1084636005 105,1084637175 44,1084639718 461,1084640286 71,1084644726 419,1084647105 431,1084650762 142,1084651641 193,1084661124 75,1084662691 432,1084665093 298,1084668805 18,1084670494 125,1084723113 498,1084748013 360,1084756274 76,1084757644 150,1084759142 164,1084760659 180,1084767122 404,1084767695 192,1084769538 73,1084777026 258,1084807329 93,1084816714 526,1084850209 30,1084922833 570,1084946021 358,1084946411 171,1085009203 562,1085010914 325,1085011948 568,1085020544 290,1085027676 123,1085039463 82,1085097817 265,1085102282 16,1085112873 512,1085116323 601,1085145436 620,1085149325 100,1085155525 623,1085157214 362,1085177108 323,1085250086 607,1085251247 652,1085333051 630,1085338094 291,1085345554 224,1085362149 626,1085368335 556,1085383480 608,1085391388 559,1085435016 589,1085539016 221,1085599079 287,1085636013 567,1085637593 628,1085637836 17,1085643651 782,1086279131 424,1086287840 802,1086320289 777,1086323577 779,1086358019 170,1086455218 377,1086578939 58,1086820138 124,1086887957 67,1087065471 84,1087623609 624,1089511838 19,1089782114 851,1090115086 319,1094085253 701,1094421809 327,1095907060 
28,1084930781 47,1087153403 225,1087274017 868,1090718180 228,1091561890 
3,1085149544 623,1085157576 401,1085188142 4,1085224295 149,1085262964 368,1085287263 90,1085329123 658,1085335047 125,1085379984 617,1085420933 626,1085422132 672,1085422146 311,1085423451 354,1085431092 671,1085448325 569,1085453918 225,1085459619 178,1085463220 556,1085471148 392,1085502228 166,1085503061 625,1085512121 660,1085527323 634,1085592658 191,1085599604 274,1085600899 380,1085617849 174,1085621434 596,1085632468 570,1085674968 727,1085680536 38,1085762842 722,1085793228 277,1085895180 54,1085923222 332,1085948022 745,1085986671 447,1085989179 185,1086100061 389,1086121252 779,1086230350 537,1086296635 16,1086326628 635,1086804814 172,1086811246 810,1086894570 798,1088467761 861,1088963834 842,1090708314 100,1091158976 867,1091328577 228,1091562945 319,1094085088 
182,1086056756 781,1086149459 285,1086491788 632,1086541367 109,1089159409 872,1095023057 
630,1085265183 404,1085277341 600,1085280292 603,1085291958 596,1085296697 73,1085371996 625,1085376718 463,1085443677 727,1085680687 164,1085757431 44,1086457865 787,1086499626 67,1086609639 608,1087363839 228,1091563687 358,1097786203 
180,1085023230 566,1085027624 28,1085075583 24,1085096238 343,1085110037 619,1085303165 404,1085335208 727,1085678852 174,1085681627 75,1085695915 67,1085703411 312,1085760848 748,1085978458 135,1086189541 331,1086197273 738,1086306181 537,1086366652 810,1086734486 520,1088383597 856,1088561125 762,1089675939 228,1091563936 27,1093464250 265,1093832480 4,1094087351 192,1094258122 
323,1085512943 482,1085689565 607,1085718403 810,1087072920 606,1087090041 327,1088524962 100,1091159292 
511,1084724513 124,1084737250 100,1084853366 169,1084902040 37,1084915623 561,1084932959 338,1084935142 150,1085029876 185,1085047481 290,1085088306 724,1086048034 67,1086070066 730,1086144585 273,1086222116 
332,1086571438 630,1086881173 
766,1086093780 299,1086112889 93,1086655170 
290,1085707681 381,1085707725 67,1085715248 100,1085724653 
325,1085364706 674,1085445845 678,1085446161 67,1085449119 166,1085613631 185,1085623436 
325,1085590323 630,1085633046 44,1085673387 727,1085680882 512,1085685955 73,1085689985 572,1085702684 600,1085771544 
357,1085431334 675,1085438510 378,1085457527 631,1085458319 225,1085462914 133,1085544780 377,1085632694 704,1085636723 441,1085636872 756,1085952694 53,1087829101 290,1088293083 
438,1085384941 290,1085450968 100,1085467215 554,1085489900 570,1085494760 360,1085502919 174,1085518225 225,1085546936 634,1085597024 3,1085597978 72,1085628502 192,1085671291 569,1085803111 745,1085988858 688,1086111658 389,1086121921 378,1086228208 756,1086273144 810,1087072811 537,1088034405 434,1089655012 67,1090800685 798,1090895851 390,1090943892 867,1091290482 869,1091826592 
18,1084804849 207,1084818288 172,1084827189 316,1084839207 112,1084843167 495,1085076148 17,1085092485 606,1085093595 242,1085115388 432,1085267984 657,1085327308 312,1085459129 83,1085631632 297,1085892287 141,1086074119 748,1086151036 59,1086197668 176,1086215877 194,1086581183 821,1086658535 443,1086963022 124,1086978915 787,1087245911 84,1097020835 
44,1084833088 105,1084833523 28,1084931899 327,1084941180 206,1084981397 149,1085359155 103,1085509758 137,1085629358 45,1085848218 373,1086149557 408,1086286326 744,1086576199 512,1086590740 56,1086988244 836,1088409202 100,1092317510 813,1093980559 368,1094008756 1,1095122515 869,1096244504 
174,1085516042 18,1085519699 440,1085621756 67,1085704109 473,1086581103 168,1086581756 512,1086878473 596,1087158943 810,1089637728 422,1092433428 93,1095604783 
133,1084595061 12,1084629920 202,1084647708 277,1084679393 321,1084681109 297,1084682827 314,1084684180 74,1084698243 340,1084762787 157,1084767645 95,1084770332 403,1084773978 25,1084779598 493,1084805422 397,1084811102 220,1084814276 489,1084839390 83,1084841727 173,1084849554 118,1084851993 100,1084853963 298,1084942818 499,1084945360 377,1084986402 287,1084997995 400,1085025399 436,1085029857 450,1085030843 325,1085078792 534,1085090373 264,1085112148 405,1085369912 638,1085375312 573,1085380928 438,1085384458 617,1085425055 650,1085510908 540,1085519884 688,1085520315 316,1085532887 374,1085542573 631,1085613980 709,1085618391 217,1085705225 67,1085706522 728,1085724708 268,1086018296 223,1086067977 300,1086154213 227,1086193216 632,1086569067 18,1086570651 515,1086576445 763,1086589370 186,1086914915 109,1086917196 63,1087159674 390,1087236632 330,1087405396 465,1087643597 722,1087657220 861,1089838227 326,1089914628 53,1092941159 
608,1085099801 184,1085104485 350,1085356559 628,1085440701 408,1086142583 259,1088046124 866,1089422880 332,1089429999 128,1089492842 869,1092356679 872,1093920690 539,1094133287 
556,1085374217 1,1085620505 612,1085621491 413,1087082674 100,1091149538 53,1092876458 
290,1085029723 373,1086149067 
267,1084725628 71,1084731242 18,1084818872 17,1084823963 118,1084852087 123,1085013275 290,1085021946 575,1085024633 506,1085024939 363,1085028821 455,1085029042 573,1085029877 70,1085102503 176,1085125855 619,1085153789 349,1085287460 503,1085288563 135,1085347863 83,1085370010 530,1085429983 435,1085435082 112,1085438139 225,1085546985 13,1085591212 283,1085612171 709,1085618197 156,1085639649 175,1085850658 235,1085873785 703,1085956422 736,1086047907 67,1086049152 534,1086056722 436,1086288605 632,1086355747 170,1086454110 242,1086659793 141,1086678048 157,1086761642 749,1087361178 103,1087364952 867,1090977486 
3,1084804097 44,1084823854 346,1084849831 407,1084898748 390,1084906003 342,1085719119 868,1089855194 867,1093555051 
626,1085422540 672,1085422890 634,1085422904 617,1085423416 569,1085452912 100,1085467135 174,1085518149 3,1085670451 728,1085690405 27,1085693614 206,1085694340 164,1085785515 26,1086275208 608,1086362713 371,1086824681 
73,1084908610 184,1084929692 395,1085621319 
226,1085183223 164,1085342476 679,1085455591 399,1085518080 340,1085610843 744,1091123837 
100,1085494814 14,1085604725 381,1085638400 174,1085675330 373,1086149618 413,1087078972 841,1091220765 
582,1085075752 306,1085088847 571,1085172930 580,1085375650 538,1085430600 621,1085529809 104,1085609554 704,1085622996 146,1085633007 379,1085671898 290,1085675632 382,1085949184 273,1085949938 97,1085983781 340,1086037568 268,1086285061 803,1086398564 377,1086578946 703,1086592866 103,1087365409 228,1091564262 
47,1085344995 556,1085371715 660,1085447847 174,1085516864 36,1085589061 703,1085898305 164,1086055647 170,1086455368 619,1087162517 520,1087696415 363,1089127655 228,1091564273 888,1096315357 4,1098107579 
539,1085147116 227,1085187212 2,1085198747 
100,1084919628 290,1084984965 275,1084993321 294,1085105525 566,1085111758 625,1085167406 572,1085325042 498,1085377793 540,1085519861 664,1085537328 397,1085550202 637,1085634027 744,1085810108 607,1085813010 17,1086065743 790,1086203452 851,1087858397 539,1094654091 
134,1084932727 208,1084933292 287,1084947145 413,1085101946 2,1085127291 539,1085146998 623,1085158377 404,1085187770 
623,1085158682 608,1085186690 600,1085243271 225,1085339418 580,1085352007 625,1085376291 105,1085451659 44,1085472105 570,1085494707 195,1085496432 275,1085601787 705,1085719942 342,1085720281 274,1085721113 276,1085776629 463,1085978770 767,1086053135 404,1086186155 466,1087362316 408,1087448650 67,1087796490 853,1089663151 100,1092317441 
398,1085467208 329,1085541728 589,1085546432 350,1085612135 197,1085951222 752,1086052136 102,1086223743 312,1086991691 
62,1084928240 73,1085027696 339,1085107040 164,1085110023 362,1085169581 332,1085350511 628,1085360971 30,1085366709 225,1085414648 725,1085688080 742,1085857794 19,1086367273 319,1086465841 470,1087177339 208,1087205890 782,1088004539 866,1089422545 128,1089925623 
404,1085334351 2,1085608941 164,1088955534 701,1090367730 538,1092514262 197,1094234512 
298,1084852280 129,1084855123 383,1084930396 377,1084941599 290,1084941713 378,1084942590 128,1084996483 569,1085070108 589,1085072092 195,1085264427 323,1085284587 572,1085325403 404,1085335545 592,1085368162 597,1085532385 105,1085599862 276,1085605346 706,1085639622 630,1085724294 546,1088479147 888,1095653964 473,1095824826 
44,1084634343 264,1084634614 24,1084645717 323,1084655406 491,1084660337 278,1084684862 511,1084724813 435,1084763906 404,1084767298 534,1084771727 67,1084774966 100,1084854051 416,1084863993 437,1084907519 462,1084917285 563,1084938705 283,1084941325 377,1084941423 246,1085007919 285,1085102615 610,1085105254 16,1085110161 275,1085171945 487,1085232533 52,1085243151 224,1085374618 661,1085416641 679,1085455902 680,1085456200 398,1085466799 520,1085468061 460,1085473223 631,1085503307 94,1085516164 663,1085633805 349,1085665173 727,1085700920 232,1085769687 428,1085806667 744,1085809783 724,1085984186 732,1086198248 249,1086198369 736,1086201748 779,1086359203 764,1086406737 170,1086454923 695,1086906953 68,1087008640 715,1087092640 845,1087360325 749,1087360410 856,1088483458 228,1091563716 893,1096008362 282,1096583799 
67,1084654206 455,1084948569 563,1085026080 275,1085090636 661,1085416512 164,1087167177 841,1091563764 
26,1086161131 836,1088588405 
569,1085017130 378,1085017167 377,1085017271 67,1085703612 60,1085970473 
301,1085544501 704,1085544539 164,1085793873 346,1085870234 53,1094558126 
290,1085972455 611,1085972458 465,1086009129 688,1086024357 164,1086041797 718,1086061920 67,1086234276 56,1086728545 704,1087439699 803,1088439141 228,1091563672 53,1093349082 466,1095351755 
187,1084687658 145,1084762625 435,1084765282 67,1084774931 156,1084775839 527,1084815247 142,1084831452 573,1084949388 281,1084950951 282,1084976417 338,1085012155 441,1085020602 74,1085040491 596,1085091828 491,1085112634 534,1085114184 582,1085152770 95,1085378775 517,1085427240 399,1085439086 621,1085455069 631,1085588878 176,1085699110 316,1085701790 186,1085717318 706,1085721992 703,1085897554 60,1085956921 61,1085968948 235,1086328666 205,1086845587 842,1087787516 725,1090550058 798,1090895807 515,1092364955 571,1092638602 313,1096215900 
565,1085500722 428,1085513081 611,1085517388 674,1085558383 777,1088376035 556,1088433735 38,1088559191 810,1093561469 
122,1085004649 282,1085198733 703,1085616101 208,1086158220 200,1086223229 
172,1084826901 343,1084842015 530,1084854004 100,1084854525 389,1084862014 73,1084862796 397,1084896027 44,1084911813 62,1084928524 290,1084941515 378,1084985498 377,1084986861 186,1084999022 569,1085017789 338,1085067055 247,1085072902 74,1085104105 264,1085172182 593,1085204676 323,1085208391 363,1085240798 503,1085286439 626,1085358012 563,1085374803 350,1085377904 617,1085420466 433,1085422123 674,1085445433 678,1085446096 381,1085463186 559,1085474697 573,1085497464 631,1085503416 372,1085509975 688,1085519471 140,1085531339 419,1085533202 242,1085538967 225,1085551556 339,1085601807 597,1085612913 537,1085617716 709,1085618641 194,1085634784 706,1085639482 727,1085681019 651,1085683962 499,1085715039 450,1085724112 23,1085856820 166,1085863846 232,1085864009 618,1085897928 277,1085898551 60,1085971873 724,1085983678 102,1086120110 191,1086124426 761,1086131416 787,1086156841 744,1086218655 322,1086289321 4,1086541757 718,1086656846 810,1086734540 297,1086754414 26,1086795053 300,1086883959 369,1087102811 234,1087356995 842,1087357409 850,1088969962 866,1089422969 228,1091562075 
534,1084849637 316,1084859984 133,1084930824 380,1085003667 360,1085009764 377,1085017480 378,1085017803 87,1085024122 435,1085027322 506,1085037549 321,1085069893 539,1085147492 194,1085158666 438,1085384301 501,1085386822 526,1085434326 680,1085456160 100,1085466287 358,1085520873 164,1085539840 349,1085581831 191,1085598788 287,1085617821 102,1085628801 709,1085689807 580,1085769383 223,1085879796 777,1086143628 170,1086453802 437,1086468501 268,1086565707 447,1086580500 297,1086658455 570,1086670661 722,1086900732 228,1091561858 763,1092763589 53,1093476365 720,1093735028 326,1094076310 405,1094925367 
651,1086827536 597,1086834183 197,1088032945 536,1088212352 
95,1085937309 157,1086061389 562,1086122601 763,1086502989 194,1086580882 695,1086906672 
619,1085398797 47,1085403258 517,1085452922 72,1085624890 342,1085718759 142,1085722195 679,1085760438 381,1085985198 
206,1084935683 122,1085019839 74,1085026163 148,1085235999 67,1085702721 173,1085944974 724,1086405904 
206,1084842474 134,1084860207 389,1084860806 25,1084887084 18,1084888449 73,1084897421 200,1084911007 561,1084933265 566,1084944851 596,1085034622 28,1085075535 419,1085089631 600,1085243646 606,1085250105 630,1085291735 602,1085516234 411,1085790962 534,1086808329 166,1086888073 845,1087360952 470,1087866560 164,1088156177 836,1089624848 719,1089641602 
752,1086050716 465,1086105755 
563,1084946205 695,1085716886 326,1090862659 51,1096177580 
378,1085017573 569,1085017598 
323,1085253398 195,1085263657 423,1085269511 362,1085342212 407,1085349851 573,1085462841 220,1086978172 100,1093297302 32,1093837827 
572,1085358333 395,1085599428 
3,1084804321 569,1085017092 233,1085115707 658,1085341831 674,1085445148 2,1085608639 264,1085854830 381,1085986551 
748,1086064626 761,1086065140 381,1086065223 4,1086302776 265,1094496798 
23,1084648963 298,1084829846 195,1084849344 118,1084853679 100,1084854288 4,1084929647 363,1084941196 376,1085057805 661,1085443709 707,1085554178 473,1085785537 112,1085798966 175,1085808110 748,1086064784 761,1086064922 630,1086239478 434,1086276364 703,1086376716 594,1086919337 843,1087294614 390,1087660955 149,1088359405 762,1088645523 141,1089836538 228,1091563827 268,1091589574 36,1095807607 
447,1086110626 6,1086146660 42,1086618992 290,1086887870 593,1087356482 608,1090723139 346,1092187995 53,1092188113 495,1098226760 
28,1084930849 58,1084986442 164,1085101811 580,1085375751 672,1085419759 225,1085441252 674,1085443194 701,1085540204 67,1085624521 737,1085766690 168,1085791832 821,1086738538 343,1087536185 346,1087738619 607,1088528203 468,1088824289 854,1088974142 63,1097293359 
340,1084763688 327,1084767913 25,1084776089 97,1084865242 306,1084887620 298,1084932164 290,1084941176 377,1084941888 543,1084981685 235,1085104012 16,1085112792 125,1085154919 582,1085168945 363,1085241141 146,1085264557 569,1085453563 225,1085463266 100,1085466971 164,1085627624 503,1085629923 264,1085945262 170,1086454855 90,1086630089 168,1087350350 277,1087421384 704,1089341562 228,1091563456 
719,1085703147 675,1085703806 420,1085720778 724,1086026108 431,1086035695 688,1086036747 338,1086043678 570,1086100648 538,1086285842 650,1086319768 802,1086320453 694,1086370162 625,1086629746 404,1086648210 651,1086826256 589,1087176585 779,1087483541 597,1087611029 798,1088528873 841,1091220641 100,1092233944 657,1092267928 608,1096069966 
1,1085637296 172,1086812370 
164,1085435207 354,1085454840 677,1085599682 660,1085632902 562,1085786483 396,1086140094 251,1086141424 191,1086141979 464,1086145032 622,1086185525 604,1086212473 166,1086636206 185,1086794387 841,1087180886 168,1098001237 
604,1085551889 565,1085600922 231,1085628226 751,1085944610 611,1085972663 285,1086492072 594,1086733655 
413,1086397958 437,1086468762 603,1086482343 298,1086563787 207,1086629746 52,1086969675 
850,1088660884 720,1088661332 
374,1084843083 343,1084843645 346,1084849342 173,1084849646 100,1084854213 28,1084881643 385,1084910772 171,1084911349 434,1084923584 181,1084935155 290,1085029431 601,1085064677 285,1085102701 339,1085285259 99,1085940756 373,1086149653 790,1086195895 608,1086877205 853,1089318842 869,1091507732 
378,1084942612 290,1084985900 379,1085027402 176,1085032445 377,1085095364 506,1085109745 363,1085241005 503,1085288467 678,1085446017 631,1085458365 675,1085463444 110,1085496983 349,1085514521 221,1085595599 718,1085626763 704,1085635973 67,1085702464 277,1085895246 83,1085939740 619,1086142570 740,1086230549 534,1086325244 703,1086325375 817,1086661153 419,1086668404 695,1086906737 783,1086932618 17,1087363396 103,1087364804 340,1087627322 228,1091561783 100,1092317599 392,1092325250 53,1093301498 
653,1085294613 419,1085339437 202,1085343193 308,1085542325 87,1086313489 
358,1085620215 742,1085857116 598,1085860127 67,1085882351 373,1086149276 389,1086195923 343,1086660113 370,1086747794 
27,1085327543 407,1085365566 44,1085712674 149,1085766979 29,1085773092 466,1086192741 738,1086303979 866,1089422285 753,1089899607 865,1092705130 813,1092709343 893,1096008091 
138,1084582540 306,1084631313 181,1084653360 91,1084655898 25,1084668955 182,1084681394 18,1084806449 75,1084850403 100,1084853766 338,1084935537 455,1084949003 378,1085017909 158,1085023848 377,1085074213 534,1085078455 624,1085151878 436,1085601910 491,1085637549 732,1085705485 764,1086099882 854,1088444272 53,1091123858 
372,1084899893 346,1084927892 601,1085064076 343,1085109660 608,1085250763 339,1085289028 350,1085379378 173,1085431964 100,1085465735 398,1085467001 329,1085549229 174,1085621882 730,1086043232 385,1086445142 331,1086975067 332,1087275507 841,1087351464 845,1087360450 164,1089257072 869,1096239026 
233,1085114893 3,1085149331 125,1085527351 2,1085535156 67,1085702510 164,1085794276 392,1089826256 
596,1085034687 127,1085070808 82,1085117016 187,1085121149 401,1085150885 47,1085619727 745,1085987722 817,1086625845 56,1088128979 
54,1085501487 624,1085510791 17,1085643344 569,1085695579 401,1085755513 164,1085811109 124,1086326894 694,1086644273 18,1086869788 650,1086958350 67,1087440484 847,1087440711 321,1088456516 572,1088994119 47,1092720569 466,1093236033 327,1095616213 
298,1085459279 256,1085461395 28,1085501332 349,1085665663 97,1085963054 90,1085968891 463,1085978886 466,1086191389 389,1086200531 47,1087104366 744,1087261995 285,1087304391 392,1088690329 798,1088714246 704,1089246628 326,1089846364 53,1091534084 228,1091564195 100,1092235177 319,1094099912 893,1095917618 148,1096865643 
571,1085548180 441,1085548344 24,1085549872 67,1085619539 233,1085632884 582,1085633000 597,1085764893 629,1086051901 783,1086226448 779,1086230696 534,1086325373 184,1086382951 56,1086736021 514,1086968383 701,1087159627 90,1087177913 785,1087243909 594,1087335915 753,1087556955 537,1087681749 149,1088267155 851,1088314873 375,1089779618 23,1091582892 282,1091746256 333,1091813714 
18,1084588425 510,1084594433 91,1084648320 75,1084654154 11,1084657499 493,1084670734 443,1084670822 32,1084671274 483,1084760502 340,1084763264 403,1084773933 17,1084834370 31,1084930921 290,1084986866 572,1085295157 68,1085645483 234,1086316094 847,1087412095 508,1088746869 
2,1085203828 120,1085289722 460,1085474489 
24,1084645778 122,1084663191 282,1084678641 99,1084680909 44,1084730866 105,1084745848 482,1084759831 70,1084771932 28,1084804720 306,1084813974 346,1084849980 109,1084851626 118,1084852440 12,1084906950 287,1085082856 606,1085243872 515,1085275542 566,1085300997 470,1085349577 358,1085375173 58,1085509812 660,1085782667 125,1085847676 626,1085891981 422,1086120653 26,1086161393 779,1086207877 30,1086208821 512,1086238671 191,1086287430 763,1086502607 803,1086572068 56,1088128897 853,1088389496 762,1090547429 650,1090717741 893,1096008256 3,1098110474 
52,1084934192 45,1085025574 608,1085248464 67,1085486132 462,1085669245 184,1085775474 164,1085786181 408,1086112001 610,1086905925 137,1086907405 56,1087085899 742,1088267373 744,1088288470 836,1088587658 841,1091126254 
381,1085464259 660,1085527871 242,1085538859 225,1085545810 67,1085935326 148,1085983545 800,1086236985 749,1088034447 866,1089422417 539,1089667561 228,1091562483 
290,1085029744 100,1085154391 404,1085334893 225,1085338920 174,1085547272 67,1085623189 608,1086291629 470,1087866524 164,1089069790 
593,1085768924 52,1086145141 
419,1084836551 517,1084837367 549,1084844450 184,1084854833 176,1084858015 565,1084993383 568,1085033181 619,1085127819 529,1085459488 202,1085543227 850,1088490457 
205,1084655399 282,1084666503 74,1084697968 323,1084732205 534,1084759545 435,1084765247 67,1084774726 306,1084887255 338,1084935009 119,1084967884 93,1085030183 463,1085092451 611,1085174306 650,1085269898 568,1085338405 683,1085459000 441,1085546142 621,1085584272 631,1085614054 704,1085633039 325,1085633503 274,1085634570 175,1085807902 502,1085833654 703,1085851630 742,1085856404 60,1085959090 526,1086034822 571,1086065881 452,1086134423 779,1086206646 466,1086225211 706,1086394409 370,1086747552 462,1086833840 833,1086860952 851,1088486770 725,1089090182 515,1091507036 836,1098694901 
441,1085024919 582,1085075003 285,1085101807 349,1085170490 468,1085276386 503,1085288142 404,1085334050 249,1085432488 334,1085433881 201,1085454315 256,1085457916 120,1085473859 705,1085549226 573,1085555851 346,1085589436 621,1085629924 650,1085632917 139,1085710943 694,1085765553 374,1085801319 704,1085804618 744,1085809308 566,1085874533 626,1085891612 97,1085962493 724,1085982760 651,1086228894 841,1087424469 
455,1084948676 334,1084991269 441,1085025446 290,1085029515 506,1085031611 306,1085049577 465,1085099666 118,1085101256 191,1085197156 145,1085202211 194,1085247739 583,1085248574 377,1085267207 90,1085280511 316,1085294952 135,1085332616 617,1085424970 399,1085437371 460,1085473693 314,1085551798 719,1086323121 464,1086547402 681,1086824300 299,1086829029 330,1087154731 836,1090920783 539,1094589805 117,1098318527 
363,1084938420 184,1084942398 380,1085003778 602,1085068763 592,1085367113 332,1085423616 520,1085467119 330,1085859070 738,1086309426 524,1086590776 470,1086836088 695,1086907032 103,1087365179 164,1088910755 
51,1085664088 570,1087089561 185,1087254539 563,1088727130 
593,1085256261 571,1085290850 441,1085359317 374,1085430134 625,1085512540 196,1085855192 
422,1085417578 660,1085447666 677,1085515344 47,1085555346 
12,1084931773 282,1084931985 441,1084949221 333,1084974553 90,1084984688 28,1085016518 195,1085111776 100,1085155907 651,1085339486 117,1085437808 694,1085504616 274,1085544560 597,1085764747 650,1085796865 608,1085848178 408,1086267915 802,1086304202 725,1086312844 779,1086358519 285,1086998512 164,1087161530 206,1087166037 47,1087171199 53,1091454242 571,1092027977 810,1093537133 
273,1085070426 611,1085177910 344,1085210824 67,1085702633 744,1085812172 779,1086206890 330,1086548533 124,1087112679 272,1090811134 290,1096604070 
73,1085025237 482,1085101766 600,1085154903 123,1085166429 612,1085277330 404,1085277762 630,1085291091 607,1085353061 568,1085362122 225,1085414407 460,1085474197 105,1085505980 603,1085550025 433,1085550119 620,1085611979 717,1085633495 604,1085787805 742,1085890829 332,1085980029 559,1086283390 44,1086319119 408,1086369407 30,1086483615 628,1086582335 608,1087028394 683,1087057581 625,1087189055 164,1088155776 
323,1094748860 53,1095260347 
168,1085343558 164,1085514319 42,1086098279 
140,1084582941 122,1084605060 73,1084606083 527,1084666360 95,1084685928 74,1084698327 156,1084775813 142,1084831534 93,1084832084 549,1084844688 661,1085443807 308,1085542054 395,1085599249 127,1085876829 330,1087143992 392,1090421402 
58,1084907584 432,1084909427 488,1084985934 185,1085019108 582,1085029795 226,1085075036 435,1085105105 495,1085106300 
377,1085281986 674,1085442973 290,1085450500 651,1086228800 
282,1084794833 333,1084808643 527,1084815361 104,1084815779 28,1084881341 12,1084906427 269,1084986797 515,1085275636 38,1085275981 389,1085281097 781,1086146111 629,1086184707 777,1086319731 704,1086628117 597,1087535766 701,1094422903 
282,1085100079 612,1085107397 333,1085237680 146,1085263732 73,1085299340 197,1085342560 206,1085379254 327,1085425104 630,1085607373 175,1086296567 
402,1084586152 356,1084586207 75,1084656351 18,1084662036 400,1084757808 100,1084854109 
644,1085309692 124,1085344749 150,1085356621 389,1085368740 626,1085374860 679,1085454890 617,1085462412 174,1085621303 373,1086149114 705,1086154293 164,1087167507 404,1087193958 67,1087431930 
285,1085102559 570,1085109231 354,1085237353 102,1086216363 259,1088207795 867,1094010982 
631,1085714426 763,1085985971 756,1086273737 
306,1084654170 206,1084807191 290,1084984923 591,1085061598 317,1085200478 316,1085626408 401,1085809566 313,1085845663 67,1085935032 706,1087228823 
622,1087581300 408,1087586789 282,1091678911 53,1093289209 
569,1085453066 539,1085486778 704,1085805643 
411,1085326483 422,1085364906 282,1085409026 
338,1085950984 629,1086051389 399,1086064399 
172,1085079428 482,1085432376 495,1085442987 112,1085543695 109,1085772982 606,1085847322 724,1085983534 745,1085986750 184,1086152395 704,1086166132 98,1086192289 466,1086192452 753,1086291672 695,1086961505 343,1086992146 4,1087244247 330,1087274812 103,1087365025 520,1088309118 720,1094231270 27,1096027671 
193,1084814151 192,1084816213 3,1084820994 145,1084884964 146,1085245899 539,1085418132 302,1085535148 658,1086367819 
129,1085759793 705,1086156184 390,1086205466 787,1086234786 537,1087528202 777,1088360006 164,1088872658 810,1088914719 100,1091159227 228,1091562815 78,1092436372 
75,1084998594 18,1085010810 24,1085549554 16,1086327002 473,1086581774 810,1086734621 803,1086994079 
42,1089482696 47,1093133505 701,1094423305 
273,1085069734 125,1085095799 419,1085339662 174,1085515464 94,1085515488 688,1085519333 191,1085600270 202,1085634344 727,1085680199 621,1085798741 68,1085938543 658,1086218439 810,1086483732 619,1087283090 850,1088490796 725,1089778098 100,1091159174 228,1091562731 53,1092875101 
290,1084942240 377,1084942264 378,1084942494 569,1084944646 197,1084993627 122,1085004303 181,1085033960 435,1085084208 294,1085105266 28,1085141763 182,1085726401 3,1085954228 319,1086465756 164,1088155583 
184,1086362580 718,1086365197 67,1086385658 565,1086427730 
742,1085858813 137,1086457491 836,1088409358 327,1095085076 93,1095604889 
603,1085301502 688,1085727366 528,1085783743 290,1085952902 
651,1085531987 650,1085532306 597,1085544319 694,1085616136 790,1086195966 322,1086231804 100,1086244341 285,1086491895 164,1087055205 845,1087361225 58,1089742901 810,1091501182 53,1092772919 
344,1085031008 405,1085031065 380,1085103250 274,1085544364 638,1085631206 479,1086315802 170,1086455077 520,1086542730 580,1086858824 
368,1085048235 169,1085068280 291,1085069369 287,1085101321 31,1085102866 429,1085286185 227,1085334407 661,1085443913 569,1085453253 100,1085468168 567,1085548464 67,1085625139 
122,1085333922 674,1085445751 38,1085625002 779,1086207913 95,1086813780 164,1087163805 390,1087372064 597,1087379458 282,1091679917 
74,1084934514 117,1084939960 
38,1085155641 47,1085164656 492,1085237554 32,1085301339 290,1085416313 781,1086358285 539,1090440409 49,1097050372 
327,1084727628 18,1084733193 7,1084813930 100,1084854622 28,1084882155 291,1084925525 19,1084928731 31,1084930997 287,1084931735 36,1085107504 67,1085182925 556,1085449507 368,1085549949 168,1085770599 82,1085953531 110,1086275532 16,1086410176 404,1086495971 372,1086834368 304,1087073942 850,1089304799 872,1091759666 75,1091773549 520,1091773706 867,1092092256 758,1092881863 35,1094219047 
622,1087150167 408,1087152091 
62,1085615237 697,1085621675 232,1085624420 225,1085635546 164,1085670859 332,1085672545 44,1085672702 362,1085682708 482,1085689263 620,1085699080 607,1085718625 688,1085726852 23,1085856532 742,1085857620 196,1085879423 277,1085894817 67,1085961227 148,1085983643 650,1086013471 597,1086022789 637,1086037956 570,1086182860 779,1086207081 470,1086215544 802,1086319887 537,1086475853 803,1086522507 593,1086566860 608,1086632238 810,1086733895 173,1086739311 629,1086789378 172,1086811191 220,1086979085 600,1089433109 782,1090941051 872,1091501944 53,1091533992 228,1091562918 867,1092092069 109,1093685136 319,1094085072 
273,1085071313 538,1085684388 71,1085724130 327,1086034578 25,1087261547 
27,1085328147 570,1085464830 105,1085505680 173,1085517108 677,1085528150 
565,1085409323 67,1085412095 312,1085760610 424,1085950011 
354,1085342328 100,1085467534 28,1085501203 174,1085531215 275,1085598555 631,1085636974 703,1085644737 67,1085704205 625,1085723063 274,1085723164 704,1085805089 99,1085943819 196,1085949803 725,1086664926 738,1086764064 125,1087559496 332,1089651019 810,1089655809 228,1091563662 27,1096027626 
67,1084774760 184,1084811424 269,1084986532 572,1085295212 671,1085413593 718,1085626990 753,1085942205 866,1089421785 
389,1086121302 401,1086121490 468,1088800451 53,1091195100 282,1091679263 333,1091813739 441,1097785828 
622,1085324976 47,1085341915 282,1085409229 680,1085546267 
428,1085466624 195,1085543643 290,1086048869 170,1086454301 
278,1085342526 653,1085352118 644,1085454968 26,1086050503 679,1087232539 
233,1085027301 290,1085029804 343,1085109829 536,1085111504 74,1085113830 606,1085118725 99,1085243300 27,1085258348 195,1085263425 625,1085295368 404,1085334978 651,1085339289 392,1085344753 597,1085345849 580,1085373341 617,1085425349 672,1085426392 556,1085456673 225,1085465095 100,1085467707 28,1085494486 94,1085516368 180,1085519790 174,1085577053 3,1085598976 2,1085608751 339,1085614932 704,1085626564 274,1085628318 638,1085631406 275,1085695244 67,1085723285 565,1085779163 196,1085879251 616,1085904564 60,1085970387 87,1085981658 724,1085983995 58,1086065684 571,1086066085 336,1086128037 718,1086310907 725,1086323831 347,1086384667 470,1086570575 763,1086669759 389,1086709469 810,1086734377 777,1087163364 125,1087555628 390,1087661133 841,1087685858 851,1087858653 626,1088105752 520,1088443638 159,1088474255 850,1088490877 47,1089497321 650,1090882440 608,1090987623 319,1094085225 197,1094234422 
290,1084941322 378,1085636982 572,1085771631 553,1086011094 
230,1084643085 410,1084762969 220,1084805944 258,1084807108 206,1084807412 134,1084812651 207,1084821071 343,1084837648 489,1084838795 173,1084848977 346,1084849170 100,1084853637 172,1084885839 208,1085003605 290,1085029655 301,1085284103 704,1085543630 
751,1085941188 455,1086209348 
483,1084764601 125,1084980950 707,1085554796 452,1086133738 
195,1085114525 125,1085155705 164,1085166453 612,1085171483 641,1085206728 604,1085262803 407,1085365972 704,1085621974 452,1086136144 
479,1084764062 422,1084796985 332,1084825117 413,1085026737 495,1085076226 36,1085077314 635,1085359011 707,1085556097 322,1086055726 651,1086225221 637,1086366569 703,1086376611 629,1086836373 436,1086906809 695,1086906913 749,1087355955 845,1087359354 520,1087451235 661,1087878171 854,1088121225 290,1088293034 503,1091159944 347,1095864254 369,1097368904 
603,1085725239 67,1085935496 170,1086454076 703,1086593814 332,1086843649 441,1086905183 528,1087000115 176,1087411579 306,1087531790 59,1087535187 56,1088127094 138,1088275763 321,1088742862 102,1089665881 572,1089736050 722,1089764666 610,1090773175 608,1090986486 100,1091163465 228,1091563056 93,1095604645 893,1096008404 191,1096062849 582,1096394748 284,1097594809 78,1098561003 3,1098716083 
197,1085020085 533,1085069390 572,1085334455 250,1085342456 661,1085443776 290,1085611813 787,1086156470 796,1086234129 797,1086241379 802,1086392526 262,1087072943 851,1088111454 855,1088401089 
404,1085335316 285,1085370621 482,1085689744 608,1085699363 323,1085961556 373,1086148800 
570,1085168688 3,1085169805 264,1085172209 462,1085332036 346,1085363643 670,1085538911 164,1085629380 764,1086037128 304,1086288233 319,1086466139 632,1086541510 624,1087267164 145,1088695127 278,1089622941 90,1090383430 228,1091564010 
251,1084933881 90,1084934278 245,1084935510 225,1085004191 246,1085007620 567,1085032075 99,1085122794 335,1085198897 617,1085424903 679,1086624383 
482,1084627796 267,1084646216 323,1084653475 99,1084693753 327,1084720653 508,1084732471 206,1084807012 134,1084813136 537,1084816206 47,1084844988 105,1084849419 28,1084895585 512,1084896475 264,1084899945 44,1084921034 343,1084939876 287,1084943200 562,1084976798 569,1085016898 290,1085021968 566,1085028144 374,1085097979 362,1085107424 607,1085110314 195,1085113201 434,1085155539 641,1085206324 596,1085209619 600,1085242797 404,1085262378 619,1085302789 616,1085353812 325,1085360066 225,1085372303 625,1085375896 608,1085390736 554,1085423611 463,1085443783 421,1085466195 400,1085527985 563,1085613142 109,1085624411 701,1085628454 630,1085628840 276,1085776402 397,1085798906 401,1085810219 704,1085951543 745,1085988532 164,1086045805 790,1086195018 27,1086559331 19,1086717926 559,1087232758 622,1087829207 520,1088273465 265,1088525519 602,1090804386 515,1092608049 841,1092682846 719,1093356787 358,1093583577 100,1093591440 758,1094010594 319,1094085060 
566,1085197648 641,1085206085 149,1085262831 612,1085277068 648,1085279021 657,1085326701 275,1085328629 462,1085332786 404,1085334218 401,1085360096 556,1085370181 455,1085383865 534,1085406698 460,1085419570 672,1085422404 272,1085431329 207,1085449107 120,1085475946 616,1085531151 703,1085552591 178,1085552700 635,1085618796 383,1085632036 164,1085632453 156,1085639757 313,1085676116 670,1085704676 18,1085784896 125,1085787772 36,1085862065 382,1085970571 745,1086030468 68,1086032031 180,1086063141 331,1086197376 295,1086212256 740,1086231433 170,1086453877 319,1086466057 347,1086643407 317,1086663806 124,1086735530 610,1086737477 619,1087108029 
6,1085027376 42,1085100375 195,1085271266 67,1085408803 701,1085539979 129,1085782446 594,1087086607 868,1089853903 539,1090615802 53,1091454386 27,1093218697 126,1093843780 
93,1084832155 407,1084898711 150,1084908236 450,1084911540 4,1084929739 499,1084945183 44,1084947500 246,1085007731 225,1085112846 231,1085289195 626,1085423024 634,1085423131 554,1085427423 249,1085551893 217,1085628701 300,1085692281 777,1086140975 783,1086154973 242,1086203829 803,1086624037 297,1086754478 629,1087313962 137,1087350634 277,1088563379 
207,1084814017 220,1084814505 16,1084815429 17,1084817137 18,1084817238 389,1084825014 23,1084826194 291,1084827697 6,1084830274 119,1084832165 47,1084834767 7,1084837742 383,1084849695 195,1084851544 407,1084852642 343,1084853357 100,1084854726 24,1084860364 97,1084864197 27,1084896951 73,1084911616 164,1084911828 54,1084917419 145,1084926969 28,1084931804 287,1084932041 31,1084932572 567,1084941100 562,1084941466 290,1084941648 377,1084941669 206,1084946422 36,1085000896 413,1085065703 539,1085146189 314,1085170972 172,1085171883 323,1085174096 626,1085185549 351,1085190987 606,1085240124 604,1085259253 568,1085296545 526,1085369955 358,1085381673 132,1085410917 617,1085420377 672,1085443078 354,1085449236 556,1085453775 679,1085456456 376,1085458672 694,1085503864 174,1085533007 381,1085541785 221,1085548507 103,1085549793 701,1085620486 717,1085630272 217,1085630478 14,1085638370 663,1085674344 684,1085709107 38,1085763610 134,1085796942 671,1085968725 745,1085988776 764,1086038304 730,1086042723 719,1086053290 322,1086055036 447,1086111309 102,1086223195 473,1086226130 651,1086226202 543,1086278777 319,1086466005 802,1086470073 196,1086621876 810,1086734808 819,1086758117 168,1087068269 304,1087074321 72,1087185907 868,1090789838 224,1093406959 510,1094869362 
401,1085795063 389,1086120988 704,1086763907 
125,1085373915 429,1085628888 738,1086050656 
660,1085616071 633,1085800896 24,1086325151 
290,1085029638 74,1085038597 185,1085047670 582,1085074132 570,1085079180 441,1085192429 572,1085325177 569,1085453798 650,1085510656 468,1085780732 60,1086057876 4,1088016773 228,1091562710 466,1093235070 
401,1085187775 389,1085281119 660,1085447810 2,1085609440 
570,1085278316 173,1085516961 
336,1085550847 455,1085733635 600,1085758986 635,1085805109 719,1086052705 543,1086243251 515,1091507936 228,1091563633 441,1094179799 
346,1085625371 343,1085625698 3,1085628244 99,1085678505 725,1085799061 766,1086095825 536,1086121926 374,1086146355 608,1091258397 228,1091564027 392,1096135133 
149,1085870456 866,1089422104 302,1090253093 
742,1085856047 299,1086061649 657,1086062935 148,1086063767 331,1086196869 810,1086483462 514,1086552229 651,1086659284 650,1086706971 819,1086761153 608,1086876932 434,1086888509 701,1087159243 597,1087182057 537,1087478325 346,1087504800 225,1087544021 56,1088125514 
440,1086048877 47,1086669221 
325,1085701209 17,1086330168 
374,1084842908 346,1084920861 343,1084945480 323,1085240350 404,1085247581 622,1085278071 225,1085372546 554,1085423037 242,1085442409 680,1085456066 398,1085467530 195,1085523856 634,1085554308 358,1085596134 463,1085600607 612,1085620536 287,1085622809 440,1085625204 276,1085674393 397,1085799336 724,1086117243 745,1086147639 658,1086218096 125,1086295468 616,1086297476 26,1086326184 58,1086381955 596,1086383351 704,1086750495 841,1087426611 719,1087444488 473,1088223763 520,1088273718 630,1089673970 602,1090804397 867,1090975925 515,1091507105 539,1092669733 100,1092715739 47,1093133623 758,1093923768 265,1093964615 327,1095441897 
572,1085019833 73,1085121272 395,1085286106 197,1085332884 250,1085447060 290,1085656369 624,1086715948 164,1089089185 
539,1085082678 580,1085112355 193,1085766384 
149,1085767482 44,1085768077 323,1085797827 779,1086207375 813,1091221976 
2,1085111035 350,1085379487 694,1085504112 38,1085615680 207,1085786085 200,1085945254 208,1086028279 437,1086468130 26,1086544133 719,1087318671 539,1092244080 78,1092521483 758,1092551215 841,1092681944 102,1093189285 358,1093990794 265,1094054109 
275,1084848898 67,1084863393 197,1085323145 221,1085546911 270,1085890947 797,1086371013 
330,1084764877 435,1084765428 180,1084767274 344,1084803212 164,1084920397 534,1085090125 71,1085366911 83,1085430848 317,1085445045 313,1085459893 424,1085613572 273,1085805593 539,1089146552 867,1090977236 
231,1085604133 72,1085624160 164,1085667894 234,1086492079 413,1087320841 866,1089421923 
2,1085611306 608,1086286457 25,1086370292 491,1091072808 228,1091563593 
100,1085467337 103,1085511577 688,1085520502 172,1086811894 169,1086918115 
17,1084819130 18,1084819217 537,1084820341 346,1084848006 36,1085077151 618,1085379464 634,1085423783 274,1085622207 748,1086053669 651,1086186010 75,1086239286 650,1086322100 325,1086332228 657,1088477974 597,1091131250 
321,1084680322 327,1084731260 172,1084826782 206,1084850000 554,1084905916 606,1085118868 132,1085124528 572,1085325678 148,1085354303 565,1085447395 284,1087927655 53,1091536789 42,1096223347 
441,1085765865 62,1085779815 
404,1086069339 123,1087113083 
67,1085723626 184,1085776158 276,1085776699 45,1086057823 625,1086218721 592,1086233024 362,1086388081 546,1086667350 91,1086668743 149,1086799486 327,1088522609 810,1088615741 836,1088629941 785,1091113355 701,1094423097 
3,1085416299 422,1085417688 703,1085555601 612,1085621711 704,1085623592 175,1086446831 571,1090951069 515,1091509153 
99,1085198380 377,1085239564 349,1085295434 617,1085424701 569,1085454669 528,1085522477 468,1085533426 372,1085624861 491,1086114933 
362,1086056143 164,1086749919 
73,1085027913 117,1085102180 123,1085104380 332,1086669208 819,1086757488 
604,1085550821 706,1085551655 
205,1085155191 650,1085269247 569,1085453852 100,1085466569 694,1085504503 174,1085530997 651,1086052694 511,1086052809 268,1086224675 124,1086225174 374,1086312892 346,1086573067 377,1086579036 330,1086747530 338,1086793323 300,1086800673 777,1087163070 809,1087177667 722,1087312161 845,1087360045 851,1089826294 810,1090866858 19,1090962672 744,1091123806 78,1092436195 
429,1085200813 679,1085455808 606,1085522977 67,1085703925 
207,1084837809 172,1084837863 482,1084847241 200,1084910802 134,1084932579 287,1084947030 208,1085029151 206,1085198728 423,1085267039 
454,1085265880 423,1085266419 404,1085334518 373,1086149949 99,1086580374 658,1086645573 125,1086720439 608,1087005281 466,1087091824 285,1087340047 798,1088774598 53,1091533098 327,1095342490 
611,1085173966 90,1085280278 455,1085343796 323,1085424724 688,1085545626 233,1085633474 421,1085638921 465,1085948515 537,1085960041 694,1086099528 651,1086199631 466,1086201036 164,1086848532 650,1086862162 777,1087100665 565,1087347490 845,1087359411 744,1087504726 100,1093128808 
360,1086743965 428,1086793810 
569,1085070294 377,1085087639 118,1085101685 290,1085173453 482,1085529600 817,1086625802 742,1087273117 157,1087345066 45,1087352879 836,1087415506 228,1091563046 75,1094190463 867,1094231066 148,1096865927 
70,1084772333 17,1084824097 597,1085079902 468,1085105523 651,1085339560 626,1085359433 650,1085531490 742,1085858044 
180,1085168325 47,1085239352 145,1085253005 419,1085339518 135,1085356136 554,1085427612 2,1085536278 99,1086034278 184,1086038958 148,1086063646 503,1086220904 718,1086237448 24,1086325463 704,1086361536 175,1086447106 170,1086452862 277,1086460987 464,1086546987 146,1086552477 375,1086578633 817,1086626339 514,1086636528 466,1086649292 59,1086651808 722,1086901251 164,1087084977 842,1087317463 853,1088063983 785,1088131372 520,1088137877 836,1088145795 744,1088440295 841,1088451239 856,1088624277 810,1088689178 42,1089991349 369,1090990341 75,1090991056 100,1091159432 228,1091564052 327,1095950491 
703,1085553208 706,1085606226 626,1085892599 637,1086366533 701,1087159396 
850,1088660865 720,1088661249 224,1088731076 102,1089557398 
419,1085329183 619,1085331922 568,1085338589 231,1085339729 517,1085360044 176,1085363405 73,1085444933 628,1085447423 565,1085457188 67,1085703246 
571,1085375599 540,1085375830 441,1085375968 536,1085378484 422,1085417766 617,1085425879 197,1085500857 625,1085513220 105,1085515867 567,1085546209 316,1085546964 221,1085547173 380,1085618784 3,1085623603 183,1085633187 174,1085674755 626,1085690938 608,1085701157 704,1085716062 274,1085721135 570,1085726157 331,1086196452 650,1086201625 694,1086201778 651,1086202084 597,1086216342 779,1086230433 537,1086387804 447,1087181846 842,1087261128 53,1087479263 390,1087479801 175,1087769137 67,1088225908 434,1088366385 657,1090468781 
306,1084631239 145,1084631440 90,1084641112 28,1084642369 122,1084663443 193,1084683518 511,1084724701 3,1084764008 404,1084766930 226,1084768535 26,1084772344 397,1084810915 510,1084824893 389,1084825862 537,1084829322 73,1084838937 192,1084844407 180,1084850749 334,1084891298 437,1084909028 498,1084927679 477,1084946407 109,1084947360 455,1084948538 186,1084949857 560,1084966846 327,1084974208 501,1084983162 290,1084987165 123,1084998166 23,1085024167 596,1085034755 623,1085150758 82,1085175751 323,1085239831 600,1085242931 30,1085290505 556,1085370869 350,1085382933 664,1085550340 717,1085633557 462,1085669556 727,1085678891 405,1085705485 401,1085978533 299,1086059849 630,1086132006 790,1086196025 718,1086233246 625,1086235250 319,1086465883 433,1086811290 325,1086831400 
321,1084681703 282,1084688560 74,1084698665 12,1084714916 90,1084721269 298,1084754160 333,1084835814 501,1084930750 335,1084935102 338,1084935826 422,1084947233 38,1085013494 378,1085016936 185,1085048224 575,1085110940 83,1085114160 603,1085425175 707,1085554333 703,1085554545 660,1085632981 706,1085639721 129,1085719496 342,1085720920 538,1085750697 109,1085768981 604,1085786436 277,1085897014 47,1085932408 60,1086022452 540,1086049362 183,1086558393 657,1086807834 316,1086844225 515,1091509207 841,1091563837 597,1092288383 504,1093010109 100,1093127729 888,1095653869 104,1095862183 466,1095918686 
118,1084852697 133,1084852865 117,1084853060 380,1085003985 16,1085103357 597,1085375876 604,1085551247 277,1085603938 83,1085631537 401,1085809690 468,1085862791 381,1085868262 389,1086121013 514,1086635905 
368,1084900773 194,1085027461 273,1085068710 178,1085089893 166,1085285287 438,1085384608 228,1085449471 100,1085467791 526,1085521768 657,1085955021 110,1086100369 102,1086322020 777,1086323737 661,1086759791 
207,1084821113 206,1084823444 389,1084825512 220,1084826502 291,1084827266 368,1084843942 410,1084845244 360,1084850327 100,1084853587 134,1084859945 18,1084927567 208,1084933335 543,1084981896 569,1085018711 461,1085026778 608,1085178448 454,1085266055 423,1085266696 626,1085368398 17,1085644163 703,1085644534 342,1085725158 688,1085950285 235,1085990811 658,1086218793 782,1086279080 802,1086320124 223,1086473653 632,1086544500 556,1086687253 172,1086811391 841,1087441504 850,1089658093 
99,1085030328 463,1085092531 191,1085231841 561,1085493970 103,1085509606 325,1085551856 396,1085633269 727,1085679716 515,1085774931 466,1086191498 779,1086230953 332,1086573768 197,1086579403 763,1087149194 630,1090255928 71,1090389895 282,1091172241 657,1091509447 53,1091634962 422,1096207985 
169,1084600895 54,1084642219 28,1084642525 202,1084647795 91,1084648366 67,1084653769 75,1084656500 18,1084661756 493,1084670776 368,1084670908 112,1084671268 17,1084672274 135,1084720854 327,1084731856 340,1084738970 330,1084765099 278,1084766533 316,1084766899 356,1084768053 306,1084813781 7,1084814492 193,1084814718 350,1084832666 32,1084833127 16,1084839032 489,1084839458 206,1084842575 325,1084846862 150,1084849600 360,1084851388 100,1084852869 225,1084855994 358,1084910919 19,1084928814 363,1084941336 377,1084942088 287,1084943270 304,1085001192 36,1085001605 455,1085009866 37,1085013708 569,1085017916 185,1085019026 378,1085019267 275,1085091005 601,1085097955 566,1085198600 488,1085266879 568,1085296595 109,1085298512 501,1085361164 663,1085369747 438,1085383857 419,1085415557 626,1085442159 556,1085456847 579,1085458626 349,1085546235 618,1085556034 529,1085593140 372,1085596247 221,1085610197 174,1085621192 183,1085622141 709,1085627008 217,1085629233 567,1085634752 717,1085641444 604,1085641757 465,1085674542 720,1085684667 27,1085692093 68,1085715159 124,1085801230 487,1085802473 450,1085808155 752,1085971560 764,1086037836 748,1086050135 740,1086230927 534,1086322461 168,1086327486 728,1086392558 758,1086403956 164,1086669967 332,1086672243 819,1086757958 413,1087110176 787,1087139938 783,1087144732 610,1087525384 71,1087592779 562,1087629364 35,1087882888 854,1088120763 344,1088136572 847,1091574536 78,1092522670 850,1093072361 47,1093908104 319,1094085270 539,1094133727 872,1095878009 624,1096049628 
597,1085532552 452,1086133930 650,1086404791 651,1086751838 
159,1085158038 626,1085174060 26,1085176596 371,1085181287 633,1085192487 634,1085195580 617,1085208826 661,1085443600 268,1085515747 174,1085517344 670,1085540989 728,1085680846 681,1086824357 
186,1085071979 11,1085528937 742,1085859536 632,1086543416 
47,1085352724 663,1085371070 644,1085454829 275,1085521657 619,1085602820 72,1085624427 18,1085664024 4,1085853468 787,1086234651 164,1087164721 78,1092435764 75,1094532708 
866,1090043264 539,1094082893 140,1094327988 
